210000000000. 9.53 0.  
210000000000. 9.53 0.  
85000000000. 6.35 0.   
85000000000. 6.35 0.   
85000000000. 6.35 0.   
85000000000. 6.35 0.   
85000000000. 6.35 0.   
85000000000. 6.35 0.   
85000000000. 6.35 0.   
85000000000. 6.35 0.  
85000000000. 6.35 0.   
85000000000. 6.35 0.   
85000000000. 6.35 0.   
85000000000. 6.35 0.  
85000000000. 6.35 0.   
85000000000. 6.35 0.   
85000000000. 6.35 0.   
85000000000. 6.35 0.  
85000000000. 6.35 0.   
85000000000. 6.35 0.   
210000000000. 9.53 0.   
210000000000. 9.53 0.  
85000000000. 6.35 0.  
 